,0,1,2,3,4,5,6,7,8,9,10,11,12,13,14,15
0,(0.1192450672440629+0j),(0.640556851129263+0j),(-0.16426602264541362+0j),(0.15536128907527333+0j),(-0.15456941965866025+0j),(0.23188990429787065+0j),(-0.004396525862412711+0j),(-0.09654182618571289+0j),(-0.050380726883230434+0j),(0.1705254755740943+0j),(0.03435692798231245+0j),(-0.21653881249123216+0j),(-0.22032092894980623+0j),(-0.145541611683941+0j),(0.3390100488821515+0j),(0.41593832984486356+0j)
1,(-0.006990158253093667+0j),(0.3000740681430154+0j),(-0.1649112868686936+0j),(0.3431492455291678+0j),(-0.3042131756395191+0j),(-0.3476339553734754+0j),(0.3979802281254159+0j),(0.06055315819941336+0j),(-0.17712339696837437+0j),(-0.2190782178622387+0j),(-0.06390798592142535+0j),(-0.12653462238250307+0j),(0.3970497665269895+0j),(0.27092573024908334+0j),(-0.23823459513946366+0j),(-0.04734330587396598+0j)
2,(-0.2375961314512074+0j),(-0.26704550588921017+0j),(0.07978779400083741+0j),(0.3647986885752702+0j),(-0.08106794430296707+0j),(0.005709294386364992+0j),(-0.32019518835763516+0j),(-0.17001885497404168+0j),(-0.6817317276795238+0j),(0.14074098737632545+0j),(-0.2872830299883843+0j),(-0.10533353672966214+0j),(-0.08840394346387495+0j),(0.048660202976534256+0j),(0.06803314001005654+0j),(0.04183509855261772+0j)
3,(-0.14760369518468464+0j),(-0.3021163876744258+0j),(-0.03713057385323124+0j),(-0.11926019306910905+0j),(0.12318817553043748+0j),(-0.047956043590740446+0j),(0.22423563364646837+0j),(-0.27296222918556423+0j),(0.18072772268611692+0j),(-0.10235374459639479+0j),(-0.08311641169920363+0j),(-0.7840829511373791+0j),(0.03265603644810477+0j),(-0.12525129873728177+0j),(-0.03659405814647786+0j),(0.21481484365117784+0j)
4,(0.1944784454998573+0j),(0.13248973249787308+0j),(0.15141913463575757+0j),(0.022510602084291995+0j),(-0.0841668494741128+0j),(0.478274927387964+0j),(-0.2612488183808094+0j),(0.28413446724457647+0j),(0.13732427396821648+0j),(0.026807296463157104+0j),(-0.46280026220665216+0j),(-0.21685339112257657+0j),(0.1706862619217165+0j),(-0.011540671025278865+0j),(-0.47410224381766874+0j),(-0.03936788265241588+0j)
5,(0.16877941546006117+0j),(-0.1804915808597763+0j),(-0.29451467120529184+0j),(-0.270960417830527+0j),(-0.15774797349093006+0j),(0.3804332091925289+0j),(0.030133734969655986+0j),(0.1949867069010913+0j),(-0.43158239790150726+0j),(-0.12167976740272529+0j),(0.532524847679503+0j),(-0.16354219492268288+0j),(-0.03285043074278548+0j),(0.16358620443026112+0j),(-0.17195675611732333+0j),(0.037806520299909524+0j)
6,(0.10049203143387302+0j),(0.02905470849318905+0j),(0.1959257204341853+0j),(-0.18588761313051277+0j),(-0.11187654432287493+0j),(-0.4776986417258223+0j),(0.020059560462701635+0j),(0.36955395302012894+0j),(-0.09909827032999212+0j),(-0.009471209576290726+0j),(-0.09559842197258114+0j),(-0.07407508989788336+0j),(-0.5984116493525332+0j),(0.014984776996378266+0j),(-0.2886874124471588+0j),(0.2687627267803775+0j)
7,(0.25138014574634304+0j),(0.211993771568966+0j),(-0.03098448194274416+0j),(0.027748606483984112+0j),(0.04103647297324435+0j),(-0.14690886376679438+0j),(-0.09376925388762887+0j),(-0.09786629014538237+0j),(-0.0869517892870526+0j),(0.07469805686472382+0j),(0.08354608259081261+0j),(-0.3504384310772274+0j),(-0.24822432483567514+0j),(-0.1539456141536926+0j),(0.028820379812868356+0j),(-0.787037046565843+0j)
8,(-0.03657214672553839+0j),(0.31639880192471853+0j),(0.4650905321741633+0j),(-0.1649410394509101+0j),(0.4177205114458436+0j),(-0.12786119978415436+0j),(-0.07248514998923988+0j),(-0.12852499123706793+0j),(-0.25986188469251337+0j),(0.26768957976709534+0j),(0.3210833666217395+0j),(-0.07770367953222991+0j),(0.3336585090209842+0j),(-0.02275813386530873+0j),(-0.25443768479733836+0j),(0.13238230647268998+0j)
9,(0.6417026526095733+0j),(-0.3032209742979593+0j),(0.29658042952498354+0j),(0.08787702124940636+0j),(-0.3344089776073805+0j),(-0.0021567660502978857+0j),(0.2571635861884924+0j),(-0.27100668548446816+0j),(0.02050700719357751+0j),(0.36227065725359725+0j),(0.01632305590479364+0j),(0.06400699999926943+0j),(0.07179996616086055+0j),(0.002523916843788657+0j),(0.030475149969744115+0j),(0.08406206064180557+0j)
10,(0.23749587143481193+0j),(0.1337891448352823+0j),(-0.13148482372527873+0j),(-0.5250235912421639+0j),(0.11544065431264014+0j),(-0.01078267498481415+0j),(0.15575751017159334+0j),(-0.2892948918917435+0j),(-0.3602888104743158+0j),(-0.30698168772509477+0j),(-0.46251667039514827+0j),(0.19132230064072375+0j),(0.0725834266195144+0j),(-0.17024411116281238+0j),(0.048805136525957624+0j),(0.012584479453894959+0j)
11,(0.2922608353093724+0j),(-0.0269347434947927+0j),(0.3634438712396765+0j),(0.36438252204533866+0j),(0.15823552814581907+0j),(0.06164515274218949+0j),(-0.12605731590237218+0j),(-0.017562103955843768+0j),(-0.018220512451583883+0j),(-0.7283047888408049+0j),(0.1781541082491968+0j),(-0.011453219687784955+0j),(-0.056982133722031425+0j),(-0.13365803425402298+0j),(0.09781574897995464+0j),(0.10317607633975526+0j)
12,(-0.29238666293153553+0j),(0.08923968087271067+0j),(0.519373304702626+0j),(-0.12097606602276526+0j),(-0.07517406006903304+0j),(0.34420831182871425+0j),(0.49355288624304205+0j),(0.12764931807512714+0j),(-0.09645058935842184+0j),(-0.04796734507150507+0j),(-0.09365772829767954+0j),(-0.04745574474361139+0j),(-0.17663522676731894+0j),(0.27161206045814335+0j),(0.25976241370346886+0j),(-0.20752386101830922+0j)
13,(0.30722447961344135+0j),(-0.07724588988942938+0j),(-0.23830749139610863+0j),(0.25082447397465313+0j),(0.6890086290634434+0j),(0.05360024253694826+0j),(0.24302494190444476+0j),(0.21148430307183366+0j),(-0.06250832699808351+0j),(0.16349629136949026+0j),(-0.16542241670045493+0j),(-0.02190576795178131+0j),(-0.10921591782969407+0j),(0.34627072431747574+0j),(0.07552896497617666+0j),(0.05031184785487481+0j)
14,(-0.17694867264243153+0j),(0.039097195756678756+0j),(-0.09340150646573717+0j),(0.2581499785925759+0j),(0.09307158400857743+0j),(0.24118216644802307+0j),(0.3281778110999162+0j),(-0.376448783908806+0j),(0.006715121501136118+0j),(0.011941297967055458+0j),(0.0790113494553866+0j),(0.24369012222041475+0j),(-0.3584710629951877+0j),(-0.24576405946122157+0j),(-0.5658700114686995+0j),(-0.02498202629152067+0j)
15,(-0.04202167105274762+0j),(-0.12248742496485701+0j),(-0.012280290433746129+0j),(0.11839795337822029+0j),(0.04376411899434024+0j),(-0.00027107450074521314+0j),(0.2975524810948424+0j),(0.49193612416555854+0j),(-0.1866070004461612+0j),(0.12128281525904701+0j),(-0.0030041326734812704+0j),(0.012888182433009834+0j),(0.19589679090729206+0j),(-0.7315021712844667+0j),(0.11326337857189808+0j),(-0.024530225707369874+0j)
